ASCII 32: ' '
Matrix:
0000000000
0000000000
0000000000
0000000000
0000000000
0000000000
0000000000
0000000000
0000000000
0000000000
0000000000
0000000000
0000000000
0000000000
0000000000
0000000000

ASCII 35: '#'
Matrix:
000110011000
000110011000
000110011000
000110011000
011111111110
011111111110
000110011000
000110011000
011111111110
011111111110
000110011000
000110011000
000110011000
000110011000
000000000000
000000000000

ASCII 37: '%'
Matrix:
011000000110
011000000110
011000011000
011000011000
000000011000
000000011000
000001100000
000001100000
000110000000
000110000000
000110000110
000110000110
011000000110
011000000110
000000000000
000000000000

ASCII 40: '('
Matrix:
00000110
00000110
00011000
00011000
01100000
01100000
01100000
01100000
01100000
01100000
00011000
00011000
00000110
00000110
00000000
00000000

ASCII 41: ')'
Matrix:
01100000
01100000
00011000
00011000
00000110
00000110
00000110
00000110
00000110
00000110
00011000
00011000
01100000
01100000
00000000
00000000

ASCII 44: ','
Matrix:
0000
0000
0000
0000
0000
0000
0000
0000
0000
0000
0000
0000
0110
0110
0110
0110

ASCII 45: '-'
Matrix:
000000000000
000000000000
000000000000
000000000000
000000000000
000000000000
011111111110
011111111110
000000000000
000000000000
000000000000
000000000000
000000000000
000000000000
000000000000
000000000000

ASCII 46: '.'
Matrix:
0000
0000
0000
0000
0000
0000
0000
0000
0000
0000
0000
0000
0110
0110
0000
0000

ASCII 47: '/'
Matrix:
000000000110
000000000110
000000011000
000000011000
000000011000
000000011000
000001100000
000001100000
000110000000
000110000000
000110000000
000110000000
011000000000
011000000000
000000000000
000000000000

ASCII 48: '0'
Matrix:
000111111000
000111111000
011000000110
011000000110
011000011110
011000011110
011001100110
011001100110
011110000110
011110000110
011000000110
011000000110
000111111000
000111111000
000000000000
000000000000

ASCII 49: '1'
Matrix:
000001100000
000001100000
000111100000
000111100000
000001100000
000001100000
000001100000
000001100000
000001100000
000001100000
000001100000
000001100000
011111111110
011111111110
000000000000
000000000000

ASCII 50: '2'
Matrix:
000111111000
000111111000
011000000110
011000000110
000000000110
000000000110
000001111000
000001111000
000110000000
000110000000
011000000110
011000000110
011111111110
011111111110
000000000000
000000000000

ASCII 52: '4'
Matrix:
000000011110
000000011110
000001100110
000001100110
000110000110
000110000110
011000000110
011000000110
011111111110
011111111110
000000000110
000000000110
000000000110
000000000110
000000000000
000000000000

ASCII 53: '5'
Matrix:
011111111110
011111111110
011000000000
011000000000
011111111000
011111111000
000000000110
000000000110
000000000110
000000000110
011000000110
011000000110
000111111000
000111111000
000000000000
000000000000

ASCII 54: '6'
Matrix:
000001111000
000001111000
000110000000
000110000000
011000000000
011000000000
011111111000
011111111000
011000000110
011000000110
011000000110
011000000110
000111111000
000111111000
000000000000
000000000000

ASCII 55: '7'
Matrix:
011111111110
011111111110
011000000110
011000000110
000000000110
000000000110
000000011000
000000011000
000001100000
000001100000
000001100000
000001100000
000001100000
000001100000
000000000000
000000000000

ASCII 56: '8'
Matrix:
000111111000
000111111000
011000000110
011000000110
011000000110
011000000110
000111111000
000111111000
011000000110
011000000110
011000000110
011000000110
000111111000
000111111000
000000000000
000000000000

ASCII 57: '9'
Matrix:
000111111000
000111111000
011000000110
011000000110
011000000110
011000000110
000111111110
000111111110
000000000110
000000000110
000000011000
000000011000
000111100000
000111100000
000000000000
000000000000

ASCII 58: ':'
Matrix:
0000
0000
0000
0000
0110
0110
0000
0000
0000
0000
0000
0000
0110
0110
0000
0000

ASCII 64: '@'
Matrix:
00000000000000
00000000000000
00011111111000
00011111111000
01100000000110
01100000000110
01100111100110
01100111100110
01100110000110
01100110000110
01100111111110
01100111111110
01100000000000
01100000000000
00011111111000
00011111111000

ASCII 65: 'A'
Matrix:
000111111000
000111111000
011000000110
011000000110
011111111110
011111111110
011000000110
011000000110
011000000110
011000000110
011000000110
011000000110
011000000110
011000000110
000000000000
000000000000

ASCII 66: 'B'
Matrix:
011111111000
011111111000
011000000110
011000000110
011111111000
011111111000
011000000110
011000000110
011000000110
011000000110
011000000110
011000000110
011111111000
011111111000
000000000000
000000000000

ASCII 67: 'C'
Matrix:
000111111000
000111111000
011000000110
011000000110
011000000000
011000000000
011000000000
011000000000
011000000000
011000000000
011000000110
011000000110
000111111000
000111111000
000000000000
000000000000

ASCII 68: 'D'
Matrix:
011111111000
011111111000
011000000110
011000000110
011000000110
011000000110
011000000110
011000000110
011000000110
011000000110
011000000110
011000000110
011111111000
011111111000
000000000000
000000000000

ASCII 69: 'E'
Matrix:
011111111110
011111111110
011000000000
011000000000
011111100000
011111100000
011000000000
011000000000
011000000000
011000000000
011000000000
011000000000
011111111110
011111111110
000000000000
000000000000

ASCII 70: 'F'
Matrix:
011111111110
011111111110
011000000000
011000000000
011111100000
011111100000
011000000000
011000000000
011000000000
011000000000
011000000000
011000000000
011000000000
011000000000
000000000000
000000000000

ASCII 71: 'G'
Matrix:
000111111110
000111111110
011000000000
011000000000
011000011110
011000011110
011000000110
011000000110
011000000110
011000000110
011000000110
011000000110
000111111000
000111111000
000000000000
000000000000

ASCII 72: 'H'
Matrix:
011000000110
011000000110
011000000110
011000000110
011111111110
011111111110
011000000110
011000000110
011000000110
011000000110
011000000110
011000000110
011000000110
011000000110
000000000000
000000000000

ASCII 73: 'I'
Matrix:
01111110
01111110
00011000
00011000
00011000
00011000
00011000
00011000
00011000
00011000
00011000
00011000
01111110
01111110
00000000
00000000

ASCII 74: 'J'
Matrix:
000000000110
000000000110
000000000110
000000000110
000000000110
000000000110
000000000110
000000000110
000000000110
000000000110
011000000110
011000000110
000111111000
000111111000
000000000000
000000000000

ASCII 75: 'K'
Matrix:
011000000110
011000000110
011000011000
011000011000
011111100000
011111100000
011000011000
011000011000
011000000110
011000000110
011000000110
011000000110
011000000110
011000000110
000000000000
000000000000

ASCII 76: 'L'
Matrix:
011000000000
011000000000
011000000000
011000000000
011000000000
011000000000
011000000000
011000000000
011000000000
011000000000
011000000000
011000000000
011111111110
011111111110
000000000000
000000000000

ASCII 77: 'M'
Matrix:
011000000110
011000000110
011110011110
011110011110
011001100110
011001100110
011000000110
011000000110
011000000110
011000000110
011000000110
011000000110
011000000110
011000000110
000000000000
000000000000

ASCII 78: 'N'
Matrix:
011000000110
011000000110
011110000110
011110000110
011001100110
011001100110
011000011110
011000011110
011000000110
011000000110
011000000110
011000000110
011000000110
011000000110
000000000000
000000000000

ASCII 80: 'P'
Matrix:
011111111000
011111111000
011000000110
011000000110
011111111000
011111111000
011000000000
011000000000
011000000000
011000000000
011000000000
011000000000
011000000000
011000000000
000000000000
000000000000

ASCII 82: 'R'
Matrix:
011111111000
011111111000
011000000110
011000000110
011111111000
011111111000
011000000110
011000000110
011000000110
011000000110
011000000110
011000000110
011000000110
011000000110
000000000000
000000000000

ASCII 83: 'S'
Matrix:
000111111110
000111111110
011000000000
011000000000
000111111000
000111111000
000000000110
000000000110
000000000110
000000000110
011000000110
011000000110
000111111000
000111111000
000000000000
000000000000

ASCII 84: 'T'
Matrix:
011111111110
011111111110
000001100000
000001100000
000001100000
000001100000
000001100000
000001100000
000001100000
000001100000
000001100000
000001100000
000001100000
000001100000
000000000000
000000000000

ASCII 85: 'U'
Matrix:
011000000110
011000000110
011000000110
011000000110
011000000110
011000000110
011000000110
011000000110
011000000110
011000000110
011000000110
011000000110
000111111000
000111111000
000000000000
000000000000

ASCII 86: 'V'
Matrix:
011000000110
011000000110
011000000110
011000000110
011000000110
011000000110
011000000110
011000000110
000110011000
000110011000
000110011000
000110011000
000001100000
000001100000
000000000000
000000000000

ASCII 87: 'W'
Matrix:
011000000110
011000000110
011000000110
011000000110
011000000110
011000000110
011000000110
011000000110
011001100110
011001100110
011110011110
011110011110
011000000110
011000000110
000000000000
000000000000

ASCII 88: 'X'
Matrix:
011000000110
011000000110
000110011000
000110011000
000001100000
000001100000
000110011000
000110011000
011000000110
011000000110
011000000110
011000000110
011000000110
011000000110
000000000000
000000000000

ASCII 89: 'Y'
Matrix:
011000000110
011000000110
000110011000
000110011000
000001100000
000001100000
000001100000
000001100000
000001100000
000001100000
000001100000
000001100000
000001100000
000001100000
000000000000
000000000000

ASCII 90: 'Z'
Matrix:
011111111110
011111111110
000000000110
000000000110
000000011000
000000011000
000001100000
000001100000
000110000000
000110000000
011000000000
011000000000
011111111110
011111111110
000000000000
000000000000

ASCII 91: '['
Matrix:
01111110
01111110
01100000
01100000
01100000
01100000
01100000
01100000
01100000
01100000
01100000
01100000
01111110
01111110
00000000
00000000

ASCII 93: ']'
Matrix:
01111110
01111110
00000110
00000110
00000110
00000110
00000110
00000110
00000110
00000110
00000110
00000110
01111110
01111110
00000000
00000000

ASCII 95: '_'
Matrix:
000000000000
000000000000
000000000000
000000000000
000000000000
000000000000
000000000000
000000000000
000000000000
000000000000
000000000000
000000000000
000000000000
000000000000
011111111110
011111111110

ASCII 97: 'a'
Matrix:
000000000000
000000000000
000000000000
000000000000
000111111000
000111111000
000000000110
000000000110
000111111110
000111111110
011000000110
011000000110
000111111110
000111111110
000000000000
000000000000

ASCII 98: 'b'
Matrix:
011000000000
011000000000
011000000000
011000000000
011001111000
011001111000
011110000110
011110000110
011000000110
011000000110
011000000110
011000000110
011111111000
011111111000
000000000000
000000000000

ASCII 99: 'c'
Matrix:
000000000000
000000000000
000000000000
000000000000
000111111000
000111111000
011000000110
011000000110
011000000000
011000000000
011000000110
011000000110
000111111000
000111111000
000000000000
000000000000

ASCII 100: 'd'
Matrix:
000000000110
000000000110
000000000110
000000000110
000111100110
000111100110
011000011110
011000011110
011000000110
011000000110
011000000110
011000000110
000111111110
000111111110
000000000000
000000000000

ASCII 101: 'e'
Matrix:
000000000000
000000000000
000000000000
000000000000
000111111000
000111111000
011000000110
011000000110
011111111110
011111111110
011000000000
011000000000
000111111110
000111111110
000000000000
000000000000

ASCII 102: 'f'
Matrix:
0000011110
0000011110
0001100000
0001100000
0111111110
0111111110
0001100000
0001100000
0001100000
0001100000
0001100000
0001100000
0001100000
0001100000
0000000000
0000000000

ASCII 103: 'g'
Matrix:
000000000000
000000000000
000000000000
000000000000
000111111110
000111111110
011000000110
011000000110
011000000110
011000000110
000111111110
000111111110
000000000110
000000000110
011111111000
011111111000

ASCII 104: 'h'
Matrix:
011000000000
011000000000
011000000000
011000000000
011001111000
011001111000
011110000110
011110000110
011000000110
011000000110
011000000110
011000000110
011000000110
011000000110
000000000000
000000000000

ASCII 105: 'i'
Matrix:
0110
0110
0000
0000
0110
0110
0110
0110
0110
0110
0110
0110
0110
0110
0000
0000

ASCII 107: 'k'
Matrix:
0110000000
0110000000
0110000000
0110000000
0110000110
0110000110
0110011000
0110011000
0111100000
0111100000
0110011000
0110011000
0110000110
0110000110
0000000000
0000000000

ASCII 108: 'l'
Matrix:
011000
011000
011000
011000
011000
011000
011000
011000
011000
011000
011000
011000
000110
000110
000000
000000

ASCII 109: 'm'
Matrix:
000000000000
000000000000
000000000000
000000000000
011110011000
011110011000
011001100110
011001100110
011001100110
011001100110
011000000110
011000000110
011000000110
011000000110
000000000000
000000000000

ASCII 110: 'n'
Matrix:
000000000000
000000000000
000000000000
000000000000
011111111000
011111111000
011000000110
011000000110
011000000110
011000000110
011000000110
011000000110
011000000110
011000000110
000000000000
000000000000

ASCII 111: 'o'
Matrix:
000000000000
000000000000
000000000000
000000000000
000111111000
000111111000
011000000110
011000000110
011000000110
011000000110
011000000110
011000000110
000111111000
000111111000
000000000000
000000000000

ASCII 112: 'p'
Matrix:
000000000000
000000000000
000000000000
000000000000
011001111000
011001111000
011110000110
011110000110
011000000110
011000000110
011111111000
011111111000
011000000000
011000000000
011000000000
011000000000

ASCII 114: 'r'
Matrix:
000000000000
000000000000
000000000000
000000000000
011001111000
011001111000
011110000110
011110000110
011000000000
011000000000
011000000000
011000000000
011000000000
011000000000
000000000000
000000000000

ASCII 115: 's'
Matrix:
000000000000
000000000000
000000000000
000000000000
000111111110
000111111110
011000000000
011000000000
000111111000
000111111000
000000000110
000000000110
011111111000
011111111000
000000000000
000000000000

ASCII 116: 't'
Matrix:
00011000
00011000
00011000
00011000
01111110
01111110
00011000
00011000
00011000
00011000
00011000
00011000
00000110
00000110
00000000
00000000

ASCII 117: 'u'
Matrix:
000000000000
000000000000
000000000000
000000000000
011000000110
011000000110
011000000110
011000000110
011000000110
011000000110
011000000110
011000000110
000111111110
000111111110
000000000000
000000000000

ASCII 118: 'v'
Matrix:
000000000000
000000000000
000000000000
000000000000
011000000110
011000000110
011000000110
011000000110
011000000110
011000000110
000110011000
000110011000
000001100000
000001100000
000000000000
000000000000

ASCII 119: 'w'
Matrix:
000000000000
000000000000
000000000000
000000000000
011000000110
011000000110
011000000110
011000000110
011001100110
011001100110
011001100110
011001100110
000111111110
000111111110
000000000000
000000000000

ASCII 120: 'x'
Matrix:
000000000000
000000000000
000000000000
000000000000
011000000110
011000000110
000110011000
000110011000
000001100000
000001100000
000110011000
000110011000
011000000110
011000000110
000000000000
000000000000

ASCII 121: 'y'
Matrix:
000000000000
000000000000
000000000000
000000000000
011000000110
011000000110
011000000110
011000000110
011000000110
011000000110
000111111110
000111111110
000000000110
000000000110
011111111000
011111111000

ASCII 122: 'z'
Matrix:
000000000000
000000000000
000000000000
000000000000
011111111110
011111111110
000000011000
000000011000
000001100000
000001100000
000110000000
000110000000
011111111110
011111111110
000000000000
000000000000

